,const,longname,shortnam,mort,logmort0,risk,loggdp,latitude,neoeuro,asia,africa,other,rainmin,meantemp,malaria
0,1.0,Angola,AGO,280.0,5.6347895,5.36,7.77,0.1367,0,0,1,0,0,26,1.0
1,1.0,Argentina,ARG,68.9,4.232656,6.39,9.13,0.3778,0,0,0,0,56,17,0.0
2,1.0,Australia,AUS,8.55,2.1459312,9.32,9.9,0.3,1,0,0,1,41,17,0.0
3,1.0,Burkina Faso,BFA,280.0,5.6347895,4.45,6.85,0.1444,0,0,1,0,0,29,1.0
4,1.0,Bangladesh,BGD,71.41,4.268438,5.14,6.88,0.2667,0,1,0,0,2,25,0.17862
5,1.0,Bolivia,BOL,71.0,4.26268,5.64,7.93,0.1889,0,0,0,0,8,12,0.011357
6,1.0,Brazil,BRA,71.0,4.26268,7.91,8.73,0.1111,0,0,0,0,41,25,0.03329
7,1.0,Canada,CAN,16.1,2.7788193,9.73,9.99,0.6667,1,0,0,0,56,4,0.0
8,1.0,Chile,CHL,68.9,4.232656,7.82,9.34,0.3333,0,0,0,0,3,17,0.0
9,1.0,Cote d'Ivoire,CIV,668.0,6.504288,7.0,7.44,0.0889,0,0,1,0,41,26,1.0
10,1.0,Cameroon,CMR,280.0,5.6347895,6.45,7.5,0.0667,0,0,1,0,23,25,1.0
11,1.0,Congo,COG,240.0,5.480639,4.68,7.42,0.0111,0,0,1,0,0,25,1.0
12,1.0,Colombia,COL,71.0,4.26268,7.32,8.81,0.0444,0,0,0,0,51,14,0.261695
13,1.0,Costa Rica,CRI,78.1,4.3579903,7.05,8.79,0.1111,0,0,0,0,5,21,0.0
14,1.0,Dominican Re,DOM,130.0,4.8675346,6.18,8.36,0.2111,0,0,0,0,36,26,0.0
15,1.0,Algeria,DZA,78.2,4.3592696,6.5,8.39,0.3111,0,0,1,0,0,21,0.0
16,1.0,Ecuador,ECU,71.0,4.26268,6.55,8.47,0.0222,0,0,0,0,20,15,0.195374
17,1.0,Egypt,EGY,67.8,4.2165623,6.77,7.95,0.3,0,0,1,0,0,24,0.0
18,1.0,Ethiopia,ETH,26.0,3.2580965,5.73,6.11,0.0889,0,0,1,0,5,17,0.580627
19,1.0,Gabon,GAB,280.0,5.6347895,7.82,8.9,0.0111,0,0,1,0,3,27,1.0
20,1.0,Ghana,GHA,668.0,6.504288,6.27,7.37,0.0889,0,0,1,0,15,27,1.0
21,1.0,Guinea,GIN,483.0,6.1800165,6.55,7.49,0.1222,0,0,1,0,3,27,1.0
22,1.0,Gambia,GMB,1470.0,7.293018,8.27,7.27,0.1476,0,0,1,0,0,24,1.0
23,1.0,Guatemala,GTM,71.0,4.26268,5.14,8.29,0.17,0,0,0,0,3,19,0.015368
24,1.0,Guyana,GUY,32.18,3.4713452,5.89,7.9,0.0556,0,0,0,0,76,27,0.508363
25,1.0,Hong Kong,HKG,14.9,2.7013612,8.14,10.05,0.2461,0,1,0,0,31,21,0.0
26,1.0,Honduras,HND,78.1,4.3579903,5.32,7.69,0.1667,0,0,0,0,1,22,0.1
27,1.0,Haiti,HTI,130.0,4.8675346,3.73,7.15,0.2111,0,0,0,0,33,27,1.0
28,1.0,Indonesia,IDN,170.0,5.1357985,7.59,7.33,0.0556,0,1,0,0,43,28,0.451681
29,1.0,India,IND,48.63,3.8842406,8.27,7.33,0.2222,0,1,0,0,3,24,0.332602
30,1.0,Jamaica,JAM,130.0,4.8675346,7.09,8.19,0.2017,0,0,0,0,15,26,0.0
31,1.0,Kenya,KEN,145.0,4.9767337,6.05,7.06,0.0111,0,0,1,0,15,18,0.844835
32,1.0,Sri Lanka,LKA,69.8,4.245634,6.05,7.73,0.0778,0,1,0,0,69,27,0.175312
33,1.0,Morocco,MAR,78.2,4.3592696,7.09,8.04,0.3556,0,0,1,0,0,24,0.0
34,1.0,Madagascar,MDG,536.04,6.284209,4.45,6.84,0.2222,0,0,1,0,8,18,1.0
35,1.0,Mexico,MEX,71.0,4.26268,7.5,8.94,0.2556,0,0,0,0,5,16,0.04113
36,1.0,Mali,MLI,2940.0,7.986165,4.0,6.57,0.1889,0,0,1,0,0,29,0.989924
37,1.0,Malaysia,MYS,17.7,2.8735647,7.95,8.89,0.0256,0,1,0,0,99,28,0.254328
38,1.0,Niger,NER,400.0,5.9914646,5.0,6.73,0.1778,0,0,1,0,0,29,0.984229
39,1.0,Nigeria,NGA,2004.0,7.6029005,5.55,6.81,0.1111,0,0,1,0,25,28,1.0
40,1.0,Nicaragua,NIC,163.3,5.095589,5.23,7.54,0.1444,0,0,0,0,1,27,0.1
41,1.0,New Zealand,NZL,8.55,2.1459312,9.73,9.76,0.4556,1,0,0,1,81,15,0.0
42,1.0,Pakistan,PAK,36.99,3.6106477,6.05,7.35,0.3333,0,1,0,0,12,22,0.494611
43,1.0,Panama,PAN,163.3,5.095589,5.91,8.84,0.1,0,0,0,0,10,27,0.030996
44,1.0,Peru,PER,71.0,4.26268,5.77,8.4,0.1111,0,0,0,0,0,22,0.029737
45,1.0,Paraguay,PRY,78.1,4.3579903,6.95,8.21,0.2556,0,0,0,0,38,22,0.000172
46,1.0,Sudan,SDN,88.2,4.479607,4.0,7.31,0.1667,0,0,1,0,0,29,0.98024
47,1.0,Senegal,SEN,164.66,5.103883,6.0,7.4,0.1556,0,0,1,0,0,28,1.0
48,1.0,Singapore,SGP,17.7,2.8735647,9.32,10.15,0.0136,0,1,0,0,170,28,0.0
49,1.0,Sierra Leone,SLE,483.0,6.1800165,5.82,6.25,0.0922,0,0,1,0,3,27,1.0
50,1.0,El Salvador,SLV,78.1,4.3579903,5.0,7.95,0.15,0,0,0,0,46,24,0.0
51,1.0,Togo,TGO,668.0,6.504288,6.91,7.22,0.0889,0,0,1,0,15,27,1.0
52,1.0,Trinidad and Tobago,TTO,85.0,4.4426513,7.45,8.77,0.1222,0,0,0,0,41,26,0.0
53,1.0,Tunisia,TUN,63.0,4.1431346,6.45,8.48,0.3778,0,0,1,0,3,24,0.0
54,1.0,Tanzania,TZA,145.0,4.9767337,6.64,6.25,0.0667,0,0,1,0,0,22,1.0
55,1.0,Uganda,UGA,280.0,5.6347895,4.45,6.97,0.0111,0,0,1,0,46,24,1.0
56,1.0,Uruguary,URY,71.0,4.26268,7.0,9.03,0.3667,0,0,0,0,66,20,0.0
57,1.0,USA,USA,15.0,2.7080503,10.0,10.22,0.4222,1,0,0,0,66,12,0.0
58,1.0,Venezuela,VEN,78.1,4.3579903,7.14,9.07,0.0889,0,0,0,0,10,20,0.002234
59,1.0,Vietnam,VNM,140.0,4.9416423,6.41,7.28,0.1778,0,1,0,0,18,25,0.715458
60,1.0,South Africa,ZAF,15.5,2.74084,6.86,8.89,0.3222,0,0,1,0,8,19,0.0
61,1.0,Zaire,ZAR,240.0,5.480639,3.5,6.87,0.0,0,0,1,0,3,25,1.0
